not found
16
not found
Invalid Operation
16
Invalid Operation
16
not found
not found
not found
not found
Invalid Operation
16
16(1,)
Invalid Operation
16(1,)
16(1,26)
not found
16(1(,2),26)
not found
16(1(,2),26(,41))
Invalid Operation
16(1(,2),26(,41))
not found
not found
Invalid Operation
16(1(,2),26(,41))
16(2(1,10),26(,41))
16(2(1,10),32(26,41))
not found
16(2(1,10),32(26,))
found
16(2(1,10),32(26,36))
not found
16(2(1,10(8,)),32(26,36))
Invalid Operation
16(2(1,10(8,)),32(26,36))
Invalid Operation
16(2(1,10(8,)),32(26,36))
Invalid Operation
16(2(1,10(8,)),32(26,36))
not found
found
not found
16(2(1,10(8,)),32(26(22,),36))
Invalid Operation
16(2(1,10(8,)),32(26(22,),36))
Invalid Operation
16(2(1,10(8,)),32(26(22,),36))
found
not found
not found
22(16(2(1,10(8,)),18),32(26,36))
22(16(2(1,10(8,)),18),32(26(,28),36))
22(16(2(1,10(8,)),18),32(26(,28),36(,45)))
not found
not found
22(16(2(1,10(8,)),18),32(28(26,30),36(,45)))
found
22(13(10(2(1,8),),16(,18)),32(28(26,30),36(,45)))
Invalid Operation
22(13(10(2(1,8),),16(,18)),32(28(26,30),36(,45)))
32(22(13(2(1,8),16(,18)),28(26,30)),36(,45))
22(18(13(2(1,8),16),20),32(28(26,30),36(,45)))
found
Invalid Operation
22(18(13(2(1,8),16),20),32(28(26,30),36(,45)))
Invalid Operation
22(18(13(2(1,8),16),20),32(28(26,30),36(,45)))
22(18(13(2(1,8),16),20),32(28(26,30),45(36,48)))
22(13(2(,8),18(16,20)),32(28(26,30),45(36,48)))
Invalid Operation
22(13(2(,8),18(16,20)),32(28(26,30),45(36,48)))
found
Invalid Operation
22(13(2(,8),18(16,20)),32(28(26,30),45(36,48)))
found
not found
32(22(13(2(,8),18(16,20)),28(26,30)),45(36(,39),48))
Invalid Operation
32(22(13(2(,8),18(16,20)),28(26,30)),45(36(,39),48))
22(13(2(,8),18(16,20)),32(28(26,30),45(39,48)))
22(13(2(,8),18(16,20)),32(28(26,30),48(39,)))
22(13(2(,8),18(16,)),32(28(26,30),48(39,)))
Invalid Operation
22(13(2(,8),18(16,)),32(28(26,30),48(39,)))
22(13(8(2,11),18(16,)),32(28(26,30),48(39,)))
13(8(2,11(10,)),22(18(16,),32(28(26,30),48(39,))))
13(8(2,11(10,)),32(22(18(16,),28(26,30)),39(35,48)))
Invalid Operation
13(8(2,11(10,)),32(22(18(16,),28(26,30)),39(35,48)))
Invalid Operation
13(8(2,11(10,)),32(22(18(16,),28(26,30)),39(35,48)))
32(13(8(2,11(10,)),22(18(16,),28(26,30))),39(35,48(40,)))
32(13(8(2,11(10,)),22(16,28(26,30))),39(35,48(40,)))
28(13(8(2,11(10,)),22(16,26)),32(30(,31),39(35,48(40,))))
28(10(8(2,9),13(11,22(16,26))),32(30(,31),39(35,48(40,))))
28(10(8(2,9),16(13(11,),22(20,26))),32(30(,31),39(35,48(40,))))
not found
found
Invalid Operation
28(10(8(2,9),16(13(11,),22(20,26))),32(30(,31),39(35,48(40,))))
Invalid Operation
28(10(8(2,9),16(13(11,),22(20,26))),32(30(,31),39(35,48(40,))))
found
found
28(10(8(2,9),16(13(11,),22(20,26))),35(32(30(,31),),39(38,48(40,))))
not found
Invalid Operation
28(10(8(2,9),16(13(11,),22(20,26))),35(32(30(,31),),39(38,48(40,))))
10(8(2(,4),9),28(16(13(11,),22(20,26)),35(32(30(,31),),39(38,48(40,)))))
35(10(8(2(,4),9),28(16(13(11,),22(20,26)),32(30(,31),))),39(38(36,),48(40,)))
found
found
35(28(10(4(2,9),16(13(11,),22(20,26))),32(30(,31),)),39(38(36,),48(40,)))
not found
found
not found
28(16(10(4(2,9),13(11,)),22(20(18,),26)),35(32(30(,31),),39(38(36,),48(40,))))
28(16(10(4(2,9(8,)),13(11,)),22(20(18,),26)),35(32(30(,31),),39(38(36,),48(40,))))
28(16(10(4(2,9(8,)),13(11,)),22(20(18,),26)),39(35(32(30(,31),),38(36,)),41(40,48)))
28(16(10(8(4,9),13(11,)),22(20(18,),26)),39(35(32(30(,31),),38(36,)),41(40,48)))
not found
39(28(16(10(8(4,9),13(11,)),22(20(18,),26)),35(32(30(,31),),38(36,))),41(40,48(42,)))
not found
not found
not found
Invalid Operation
39(28(16(10(8(4,9),13(11,)),22(20(18,),26)),35(32(30(,31),),38(36,))),41(40,48(42,)))
not found
28(16(10(8(4,9),13(11,14)),22(20(18,),26)),39(35(32(30(,31),),38(36,)),41(40,48(42,))))
not found
28(16(10(8(4,9),13(11,14)),22(20(18,),26)),39(32(30(,31),35(,36)),41(40,48(42,))))
Invalid Operation
28(16(10(8(4,9),13(11,14)),22(20(18,),26)),39(32(30(,31),35(,36)),41(40,48(42,))))
28(10(8(4(,5),9),16(13(11,14),22(20(18,),26))),39(32(30(,31),35(,36)),41(40,48(42,))))
Invalid Operation
28(10(8(4(,5),9),16(13(11,14),22(20(18,),26))),39(32(30(,31),35(,36)),41(40,48(42,))))
28(10(8(4(,5),9),18(13(11,14),22(20,26))),39(32(30(,31),35(,36)),41(40,48(42,))))
28(18(10(8(4(,5),9),13(11,14)),22(20,26(,27))),39(32(30(,31),35(,36)),41(40,48(42,))))
Invalid Operation
28(18(10(8(4(,5),9),13(11,14)),22(20,26(,27))),39(32(30(,31),35(,36)),41(40,48(42,))))
Invalid Operation
28(18(10(8(4(,5),9),13(11,14)),22(20,26(,27))),39(32(30(,31),35(,36)),41(40,48(42,))))
28(18(10(8(4(,5),9),13(11,14)),22(20,26(,27))),39(32(30(,31),35(,36)),41(40,45(42,48))))
28(13(10(8(4(,5),9),11(,12)),18(14,22(20,26(,27)))),39(32(30(,31),35(,36)),41(40,45(42,48))))
28(13(10(8(4(,5),9),11(,12)),18(14,22(20,26(,27)))),39(32(31,35(,36)),41(40,45(42,48))))
not found
not found
found
found
not found
Invalid Operation
28(13(10(8(4(,5),9),11(,12)),18(14,22(20,26(,27)))),39(32(31,35(,36)),41(40,45(42,48))))
28(13(10(8(4,9),11(,12)),18(14,22(20,26(,27)))),39(32(31,35(,36)),41(40,45(42,48))))
28(13(10(8(4,9),11(,12)),18(14,22(20,26(,27)))),41(39(32(31,36),40),45(42,48)))
not found
not found
28(18(13(10(8(4,9),11(,12)),14),25(22(20,),26(,27))),41(39(32(31,36),40),45(42,48)))
found
25(18(13(10(8(4,9),11(,12)),14),22(20,23)),28(26(,27),41(39(32(31,36),40),45(42,48))))
not found
25(18(13(10(8(4,9),11(,12)),14),22(20,23)),32(28(26(,27),31(29,)),41(39(36,40),45(42,48))))
not found
25(18(10(8(4,9),14(11(,12),)),22(20,23)),32(28(26(,27),31(29,)),41(39(36,40),45(42,48))))
found
25(18(10(8(4,9),14(11(,12),)),22(20,23)),32(28(26(,27),31(29,)),41(39(36,40),48(42,))))
Invalid Operation
25(18(10(8(4,9),14(11(,12),)),22(20,23)),32(28(26(,27),31(29,)),41(39(36,40),48(42,))))
25(18(10(8(4,),14(11(,12),)),22(20,23)),32(28(26(,27),31(29,)),41(39(36,40),48(42,))))
Invalid Operation
25(18(10(8(4,),14(11(,12),)),22(20,23)),32(28(26(,27),31(29,)),41(39(36,40),48(42,))))
25(18(10(8(4,),14(11(,12),)),22(20,23)),32(28(26,31(29,)),41(39(36,40),48(42,))))
25(18(11(10(8,),14(12,)),22(20,23)),32(28(26,31(29,)),41(39(36,40),48(42,))))
25(18(11(8(0,10),14(12,)),22(20,23)),32(28(26,31(29,)),41(39(36,40),48(42,))))
found
not found
25(18(11(8(0,10),14(12,)),22(20,23)),32(28(26,31),41(39(36,40),48(42,))))
not found
Invalid Operation
25(18(11(8(0,10),14(12,)),22(20,23)),32(28(26,31),41(39(36,40),48(42,))))
25(18(11(8(0,10),14(12,)),22(20,23)),41(32(28(26,31),39(36,40)),43(42,48)))
not found
25(11(8(0(,2),10),18(14(12,),22(20,23))),41(32(28(26,31),39(36,40)),43(42,48)))
11(8(1(0,2),10),25(18(14(12,),22(20,23)),41(32(28(26,31),39(36,40)),43(42,48))))
not found
not found
Invalid Operation
11(8(1(0,2),10),25(18(14(12,),22(20,23)),41(32(28(26,31),39(36,40)),43(42,48))))
Invalid Operation
11(8(1(0,2),10),25(18(14(12,),22(20,23)),41(32(28(26,31),39(36,40)),43(42,48))))
20(11(8(1(0,2),10),18(14(12,),19)),25(22(,23),41(32(28(26,31),39(36,40)),43(42,48))))
Invalid Operation
20(11(8(1(0,2),10),18(14(12,),19)),25(22(,23),41(32(28(26,31),39(36,40)),43(42,48))))
20(11(8(1(0,2),10),18(14(12,),19)),32(25(22(,23),28(26,31)),39(36(35,),41(40,43(42,48)))))
found
Invalid Operation
20(11(8(1(0,2),10),18(14(12,),19)),32(25(22(,23),28(26,31)),39(36(35,),41(40,43(42,48)))))
20(11(8(1(0,2),10),18(14(12,),19)),32(25(22(,23),28(26,31(30,))),39(36(35,),41(40,43(42,48)))))
found
Invalid Operation
20(11(8(1(0,2),10),18(14(12,),19)),32(25(22(,23),28(26,31(30,))),39(36(35,),41(40,43(42,48)))))
32(20(11(8(1(0,2),10),18(14(12,),19)),25(22(,23),28(26,31(30,)))),39(36(35,),43(41(40,42),48(,49))))
found
found
32(11(8(1(0,2),10),20(18(14(12,),19),26(22(,23),30(28,31)))),39(36(35,),43(41(40,42),48(,49))))
not found
not found
32(11(8(1(0,2),10),20(18(14(12,),19),26(23,30(28,31)))),39(36(35,),43(41(40,42),48(,49))))
not found
Invalid Operation
32(11(8(1(0,2),10),20(18(14(12,),19),26(23,30(28,31)))),39(36(35,),43(41(40,42),48(,49))))
32(11(8(1(0,2),10),20(18(14(12,),19),26(23,30(28,31)))),39(36(35,),43(42(40,),48(,49))))
found
32(11(8(1(0,2),10),20(18(14(12,),19),26(23,30(28,31)))),43(39(36,42(40,)),48(,49)))
found
found
Invalid Operation
32(11(8(1(0,2),10),20(18(14(12,),19),26(23,30(28,31)))),43(39(36,42(40,)),48(,49)))
not found
found
found
found
not found
Invalid Operation
32(11(8(1(0,2),10),20(18(14(12,),19),26(23,30(28,31)))),43(39(36,42(40,)),48(,49)))
11(2(1(0,),8(4,10)),32(20(18(14(12,),19),26(23,30(28,31))),43(39(36,42(40,)),48(,49))))
Invalid Operation
11(2(1(0,),8(4,10)),32(20(18(14(12,),19),26(23,30(28,31))),43(39(36,42(40,)),48(,49))))
32(11(2(1(0,),8(4,10)),20(18(14(12,),19),26(23,30(28,31)))),43(39(36,42(40,)),48(47,49)))
Invalid Operation
32(11(2(1(0,),8(4,10)),20(18(14(12,),19),26(23,30(28,31)))),43(39(36,42(40,)),48(47,49)))
found
32(11(2(0,8(4,10)),20(18(14(12,),19),26(23,30(28,31)))),43(39(36,42(40,)),48(47,49)))
32(20(11(2(0,8(4,10)),18(14(12,),19)),26(23(,25),30(28,31))),43(39(36,42(40,)),48(47,49)))
found
Invalid Operation
32(20(11(2(0,8(4,10)),18(14(12,),19)),26(23(,25),30(28,31))),43(39(36,42(40,)),48(47,49)))
32(20(11(2(0,8(4,10)),18(14(12,),19)),26(23(,25),30(28,))),43(39(36,42(40,)),48(47,49)))
not found
32(20(11(2(0,8(4,10)),18(14(12,),19)),26(23(,25),30)),43(39(36,42(40,)),48(47,49)))
32(20(11(2(0,8(4,10)),18(14(12,),19)),26(23(,25),30)),43(40(39,42),48(47,49)))
not found
32(20(11(2(0,8(4,10)),18(14(12,),19)),26(23(,25),30)),43(42(39,),48(47,49)))
32(20(11(2(0,8(4,)),18(14(12,),19)),26(23(,25),30)),43(42(39,),48(47,49)))
Invalid Operation
32(20(11(2(0,8(4,)),18(14(12,),19)),26(23(,25),30)),43(42(39,),48(47,49)))
Invalid Operation
32(20(11(2(0,8(4,)),18(14(12,),19)),26(23(,25),30)),43(42(39,),48(47,49)))
32(11(2(0,8(4,)),20(18(14(12,),19),26(25,30))),43(42(39,),48(47,49)))
found
32(20(11(2(0,8(4,)),18(14(12,),19)),26(25,30(28,))),43(42(39,),48(47,49)))
Invalid Operation
32(20(11(2(0,8(4,)),18(14(12,),19)),26(25,30(28,))),43(42(39,),48(47,49)))
26(20(11(2(0,8(4,)),18(14(12,),19)),25),32(28(27,30),43(42(39,),48(47,49))))
Invalid Operation
26(20(11(2(0,8(4,)),18(14(12,),19)),25),32(28(27,30),43(42(39,),48(47,49))))
found
26(20(11(2(0,8(4,)),18(14(12,),19)),25),39(28(27,30),48(43(42,47),49)))
not found
26(20(11(2(0,8(4,)),18(14(12,),19)),25),39(28(27,30(,35)),48(43(42,47),49)))
26(20(11(2(0,8(4,)),18(14(12,),19)),25),39(28(27,35(30,36)),48(43(42,47),49)))
found
Invalid Operation
26(20(11(2(0,8(4,)),18(14(12,),19)),25),39(28(27,35(30,36)),48(43(42,47),49)))
28(26(18(11(4(2,8),14(12,)),20(19,25)),27),39(35(30,36),48(43(42,47),49)))
not found
Invalid Operation
28(26(18(11(4(2,8),14(12,)),20(19,25)),27),39(35(30,36),48(43(42,47),49)))
not found
not found
28(26(18(11(4(2,8),14(12,)),20(19,25)),27),39(35(30,),48(43(42,47),49)))
28(26(18(11(4(2,8),14(12,)),20(19,25)),27),39(32(30,35),48(43(42,47),49)))
Invalid Operation
28(26(18(11(4(2,8),14(12,)),20(19,25)),27),39(32(30,35),48(43(42,47),49)))
28(11(4(2,8(6,)),26(18(14(12,),20(19,25)),27)),39(32(30,35),48(43(42,47),49)))
Invalid Operation
28(11(4(2,8(6,)),26(18(14(12,),20(19,25)),27)),39(32(30,35),48(43(42,47),49)))
not found
found
Invalid Operation
28(11(4(2,8(6,)),26(18(14(12,),20(19,25)),27)),39(32(30,35),48(43(42,47),49)))
28(11(8(4(2,6),10),26(18(14(12,),20(19,25)),27)),39(32(30,35),48(43(42,47),49)))
not found
found
found
not found
not found
found
28(11(8(4(2,6),10),26(18(14(12,),20(19,25)),27)),39(32(30,35),43(42(40,),48(47,49))))
not found
Invalid Operation
28(11(8(4(2,6),10),26(18(14(12,),20(19,25)),27)),39(32(30,35),43(42(40,),48(47,49))))
found
28(11(8(4(2,6),10),26(18(14(12,),20(19,25)),27)),39(32(30,35(34,)),43(42(40,),48(47,49))))
not found
39(28(11(8(4(2,6),10),18(14(12,),26(20(19,),27))),32(30,35(34,))),43(42(40,),48(47,49)))
not found
found
found
18(11(8(4(2,6),10),14(12,)),39(28(26(20(19,),27),34(32,35)),43(42(40,),48(47,49))))
Invalid Operation
18(11(8(4(2,6),10),14(12,)),39(28(26(20(19,),27),34(32,35)),43(42(40,),48(47,49))))
found
found
not found
found
18(11(8(6(2,),10),14(12,)),39(28(26(20(19,),27),34(32,35)),43(42(40,),48(47,49))))
Invalid Operation
18(11(8(6(2,),10),14(12,)),39(28(26(20(19,),27),34(32,35)),43(42(40,),48(47,49))))
28(18(8(6(2,),11(10,14)),26(20(19,),27)),39(34(32,35),43(42(40,),48(47,49))))
not found
not found
not found
28(18(8(6(2,),11(10,14)),20(19,26)),39(34(32,35),43(42(40,),48(47,49))))
not found
found
28(11(8(6(2,),10),18(14(12,),20(19,26))),39(34(32,35),43(42(40,),48(47,49))))
Invalid Operation
28(11(8(6(2,),10),18(14(12,),20(19,26))),39(34(32,35),43(42(40,),48(47,49))))
Invalid Operation
28(11(8(6(2,),10),18(14(12,),20(19,26))),39(34(32,35),43(42(40,),48(47,49))))
found
28(11(8(6(2,),10),18(14(12,),20(19,26))),39(34(,35),43(42(40,),48(47,49))))
found
not found
Invalid Operation
28(11(8(6(2,),10),18(14(12,),20(19,26))),39(34(,35),43(42(40,),48(47,49))))
Invalid Operation
28(11(8(6(2,),10),18(14(12,),20(19,26))),39(34(,35),43(42(40,),48(47,49))))
28(11(8(6(2,),10),18(14(12,),20(19,26))),43(39(34(,35),42(40,)),48(47(46,),49)))
found
28(11(8(6(2,),10),18(14(12,),20(,26))),43(39(34(,35),42(40,)),48(47(46,),49)))
28(11(8(6(2,),10),18(14(12,),20(,26))),43(39(34(,35),41(40,42)),48(47(46,),49)))
Invalid Operation
28(11(8(6(2,),10),18(14(12,),20(,26))),43(39(34(,35),41(40,42)),48(47(46,),49)))
Invalid Operation
28(11(8(6(2,),10),18(14(12,),20(,26))),43(39(34(,35),41(40,42)),48(47(46,),49)))
found
28(11(8(6(2,),10),18(14(12,15),20(,26))),43(39(34(,35),41(40,42)),48(47(46,),49)))
28(12(8(6(2,),10),18(14(,15),20(,26))),43(39(34(,35),41(40,42)),48(47(46,),49)))
found
found
found
43(28(12(8(6(2,),10),18(14(,15),20(,26))),39(34(,35),41(40,42))),48(46(45,47),49))
28(12(8(6(2,),10),18(14(,15),20(19,26))),43(39(34(,35),41(40,42)),48(46(45,47),49)))
not found
found
Invalid Operation
28(12(8(6(2,),10),18(14(,15),20(19,26))),43(39(34(,35),41(40,42)),48(46(45,47),49)))
not found
Invalid Operation
28(12(8(6(2,),10),18(14(,15),20(19,26))),43(39(34(,35),41(40,42)),48(46(45,47),49)))
Invalid Operation
28(12(8(6(2,),10),18(14(,15),20(19,26))),43(39(34(,35),41(40,42)),48(46(45,47),49)))
found
found
28(12(8(6(2,),10),18(14(,15),20(19,26))),43(39(34(,35),41(40,42)),46(45,48(47,))))
28(12(8(6(2,),10),18(14(,15),20(19,26))),43(39(35,41(40,42)),46(45,48(47,))))
12(8(6(2,),10(9,)),28(18(14(,15),20(19,26)),43(39(35,41(40,42)),46(45,48(47,)))))
Invalid Operation
12(8(6(2,),10(9,)),28(18(14(,15),20(19,26)),43(39(35,41(40,42)),46(45,48(47,)))))
not found
Invalid Operation
12(8(6(2,),10(9,)),28(18(14(,15),20(19,26)),43(39(35,41(40,42)),46(45,48(47,)))))
not found
Invalid Operation
12(8(6(2,),10(9,)),28(18(14(,15),20(19,26)),43(39(35,41(40,42)),46(45,48(47,)))))
12(8(6(2,),10(9,)),28(18(14(,15),26(19,)),43(39(35,41(40,42)),46(45,48(47,)))))
not found
12(8(6(2,),10(9,)),39(28(18(14(,15),26(19,)),35(33,)),43(41(40,42),46(45,48(47,)))))
Invalid Operation
12(8(6(2,),10(9,)),39(28(18(14(,15),26(19,)),35(33,)),43(41(40,42),46(45,48(47,)))))
Invalid Operation
12(8(6(2,),10(9,)),39(28(18(14(,15),26(19,)),35(33,)),43(41(40,42),46(45,48(47,)))))
39(12(9(6(2,),10),28(18(14(,15),26(19,)),35(33,))),43(41(40,42),46(45,48(47,))))
Invalid Operation
39(12(9(6(2,),10),28(18(14(,15),26(19,)),35(33,))),43(41(40,42),46(45,48(47,))))
Invalid Operation
39(12(9(6(2,),10),28(18(14(,15),26(19,)),35(33,))),43(41(40,42),46(45,48(47,))))
40(12(9(6(2,),10),28(18(14(,15),26(19,)),35(33,))),43(41(,42),46(45,48(47,))))
found
not found
Invalid Operation
40(12(9(6(2,),10),28(18(14(,15),26(19,)),35(33,))),43(41(,42),46(45,48(47,))))
not found
Invalid Operation
40(12(9(6(2,),10),28(18(14(,15),26(19,)),35(33,))),43(41(,42),46(45,48(47,))))
Invalid Operation
40(12(9(6(2,),10),28(18(14(,15),26(19,)),35(33,))),43(41(,42),46(45,48(47,))))
not found
not found
22(12(9(6(2,),10),18(14(,15),19)),40(28(26,35(33,)),43(41(,42),46(45,48(47,)))))
26(12(9(6(2,),10),18(14(,15),19)),43(40(33(28,35),41(,42)),46(45,48(47,))))
Invalid Operation
26(12(9(6(2,),10),18(14(,15),19)),43(40(33(28,35),41(,42)),46(45,48(47,))))
not found
Invalid Operation
26(12(9(6(2,),10),18(14(,15),19)),43(40(33(28,35),41(,42)),46(45,48(47,))))
26(12(8(6(2,),9(,10)),18(14(,15),19)),43(40(33(28,35),41(,42)),46(45,48(47,))))
Invalid Operation
26(12(8(6(2,),9(,10)),18(14(,15),19)),43(40(33(28,35),41(,42)),46(45,48(47,))))
18(12(8(6(2,),9(,10)),14(,15)),26(19(,25),43(40(33(28,35),41(,42)),46(45,48(47,)))))
Invalid Operation
18(12(8(6(2,),9(,10)),14(,15)),26(19(,25),43(40(33(28,35),41(,42)),46(45,48(47,)))))
18(10(8(6(2,),9),12(11,14(,15))),26(19(,25),43(40(33(28,35),41(,42)),46(45,48(47,)))))
18(10(6(2,8),12(11,14(,15))),26(19(,25),43(40(33(28,35),41(,42)),46(45,48(47,)))))
18(10(8(2,),12(11,14(,15))),26(19(,25),43(40(33(28,35),41(,42)),46(45,48(47,)))))
18(10(8(2,),12(11,14(,15))),40(26(19(,25),33(28,35)),43(41(,42),46(45,48))))
18(10(8(2,),12(11,14(,15))),40(26(19(,25),33(28,35)),43(42,46(45,48))))
not found
not found
not found
not found
18(10(8(2,),12(11,14(,15))),40(26(19(,25),33(28(,29),35)),43(42,46(45,48))))
found
18(10(8(2,),12(11,14(,15))),40(26(19(,25),33(28(,29),35)),45(42,46(,48))))
18(10(4(2,8),12(11,14(,15))),40(26(19(,25),33(28(,29),35)),45(42,46(,48))))
18(10(4(2,8),12(11,14(,15))),33(26(19(,25),28(,29)),40(35,45(42,46))))
18(10(4(2,8),12(11,14(,15))),33(26(19(,25),28(,29)),40(35(34,),45(42,46))))
18(10(4(2,8),12(11,14(,15))),33(26(22(19,25),28(,29)),40(35(34,),45(42,46))))
18(10(4(2,8),12(11,14(,15))),33(26(22(19,25),28(,29)),40(34,45(42,46))))
Invalid Operation
18(10(4(2,8),12(11,14(,15))),33(26(22(19,25),28(,29)),40(34,45(42,46))))
Invalid Operation
18(10(4(2,8),12(11,14(,15))),33(26(22(19,25),28(,29)),40(34,45(42,46))))
not found
18(10(4(2(0,),8),12(11,14(,15))),33(26(22(19,25),28(,29)),40(34,45(42,46))))
found
found
Invalid Operation
18(10(4(2(0,),8),12(11,14(,15))),33(26(22(19,25),28(,29)),40(34,45(42,46))))
18(10(4(2(0,),8),12(11,14(,15))),33(26(22(19,25),28(,29)),45(40(,42),46)))
18(10(4(2(0,),8),12(11,14(,15))),26(22(19(,21),25),33(28(,29),45(40(,42),46))))
10(4(2(0,),8),18(12(11,14(,15)),33(26(21(19,22),28(,29)),45(40(,42),46))))
not found
found
Invalid Operation
10(4(2(0,),8),18(12(11,14(,15)),33(26(21(19,22),28(,29)),45(40(,42),46))))
Invalid Operation
10(4(2(0,),8),18(12(11,14(,15)),33(26(21(19,22),28(,29)),45(40(,42),46))))
Invalid Operation
10(4(2(0,),8),18(12(11,14(,15)),33(26(21(19,22),28(,29)),45(40(,42),46))))
not found
18(10(4(2(0,),8),12(11,14(,15))),33(26(21(19,22),28(,29)),42(40,46)))
18(10(4(2(0,),8),12(11,14(,15))),33(26(21(,22),28(,29)),42(40,46)))
18(10(4(2(0,),8),12(11,14(,15))),26(21(19,22),33(28(,29),42(40,46))))
18(10(4(2(0,),8),12(11,14(,15))),26(21(19,22),33(28(,29),42(,46))))
18(10(4(2(0,),8),12(11,14(,15))),28(21(19,22),33(29,42(,46))))
18(10(4(2(0,),8),14(12,15)),28(21(19,22),33(29,42(,46))))
18(10(4(2(0,),8),14(12,15)),28(21(19,22),33(29,43(42,46))))
not found
not found
found
found
Invalid Operation
18(10(4(2(0,),8),14(12,15)),28(21(19,22),33(29,43(42,46))))
not found
not found
not found
18(10(4(2(0,),8),14(12,15)),28(21(19,22),33(29,46(42,))))
18(10(4(2(0,),8),14(12,15)),28(21(19,22(,24)),33(29,46(42,))))
28(18(10(4(2(0,),8),14(12,15)),21(19,22(,24))),33(29,42(34,46)))
28(18(10(4(2,8),14(12,15)),21(19,22(,24))),33(29,42(34,46)))
Invalid Operation
28(18(10(4(2,8),14(12,15)),21(19,22(,24))),33(29,42(34,46)))
Invalid Operation
28(18(10(4(2,8),14(12,15)),21(19,22(,24))),33(29,42(34,46)))
Invalid Operation
28(18(10(4(2,8),14(12,15)),21(19,22(,24))),33(29,42(34,46)))
found
21(18(10(4(2,8),14(12,15)),19),28(22(,24),42(33(29,34),46(,49))))
21(18(10(4(2,8),14(12,15)),19),28(22(,24),42(34(29,),46(,49))))
not found
found
21(14(10(4(2,8),12),18(15(,16),19)),28(22(,24),42(34(29,),46(,49))))
Invalid Operation
21(14(10(4(2,8),12),18(15(,16),19)),28(22(,24),42(34(29,),46(,49))))
21(14(10(4(2,8),12),18(15(,16),19)),42(28(22(,24),34(29,)),46(45,49)))
21(14(10(4(2,8),12),18(15(,16),19)),42(28(22(,24),34(29,)),46(45,49(47,))))
not found
21(14(10(4(2,8),12),18(15(,16),19)),42(28(22(,24),34(29,)),47(45,49)))
Invalid Operation
21(14(10(4(2,8),12),18(15(,16),19)),42(28(22(,24),34(29,)),47(45,49)))
found
not found
Invalid Operation
21(14(10(4(2,8),12),18(15(,16),19)),42(28(22(,24),34(29,)),47(45,49)))
21(14(10(4(2,8),12),18(15(,16),19)),30(28(22(,24),29),42(34,47(45,49))))
21(14(10(4(2,8),12),18(16,19)),30(28(22(,24),29),42(34,47(45,49))))
not found
not found
found
Invalid Operation
21(14(10(4(2,8),12),18(16,19)),30(28(22(,24),29),42(34,47(45,49))))
found
found
not found
Invalid Operation
21(14(10(4(2,8),12),18(16,19)),30(28(22(,24),29),42(34,47(45,49))))
found
not found
Invalid Operation
21(14(10(4(2,8),12),18(16,19)),30(28(22(,24),29),42(34,47(45,49))))
Invalid Operation
21(14(10(4(2,8),12),18(16,19)),30(28(22(,24),29),42(34,47(45,49))))
21(14(10(4(2,8),12),18(16,19)),30(28(22(,24),29),42(34(32,),47(45,49))))
21(14(10(4(2,8),12),18(16,19)),42(30(24(22,29),34(32,)),47(45,49)))
Invalid Operation
21(14(10(4(2,8),12),18(16,19)),42(30(24(22,29),34(32,)),47(45,49)))
Invalid Operation
21(14(10(4(2,8),12),18(16,19)),42(30(24(22,29),34(32,)),47(45,49)))
found
not found
not found
Invalid Operation
21(14(10(4(2,8),12),18(16,19)),42(30(24(22,29),34(32,)),47(45,49)))
found
not found
not found
21(14(10(4(2,8),12),18(16,19)),42(30(24(22,),34(32,)),47(45,49)))
Invalid Operation
21(14(10(4(2,8),12),18(16,19)),42(30(24(22,),34(32,)),47(45,49)))
21(14(10(4(2,8),12),18(16,19)),33(30(24(22,),32),42(34,47(45,49))))
not found
Invalid Operation
21(14(10(4(2,8),12),18(16,19)),33(30(24(22,),32),42(34,47(45,49))))
found
not found
not found
found
21(14(10(4(2,8),12),18(16,19)),33(30(24(22,),32),42(34(,41),47(45,49))))
25(21(14(10(4(2,8),12),18(16,19)),24(22,)),33(30(,32),42(34(,41),47(45,49))))
found
not found
not found
25(14(10(4(2,8),12),21(18(16,19),22)),33(30(,32),42(34(,41),47(45,49))))
Invalid Operation
25(14(10(4(2,8),12),21(18(16,19),22)),33(30(,32),42(34(,41),47(45,49))))
25(14(8(4(2,6),10(,12)),21(18(16,19),22)),33(30(,32),42(34(,41),47(45,49))))
found
30(14(8(4(2,6),10(,12)),21(18(16,19),22)),42(33(32,34(,41)),47(45,49)))
14(8(4(2(0,),6),10(,12)),30(21(18(16,19),22),42(33(32,34(,41)),47(45,49))))
not found
14(8(4(2(0,),6),10(,12)),30(21(19(16,),22),42(33(32,34(,41)),47(45,49))))
not found
Invalid Operation
14(8(4(2(0,),6),10(,12)),30(21(19(16,),22),42(33(32,34(,41)),47(45,49))))
30(14(8(4(2(0,),6),10(,12)),21(19(16,),22)),38(33(32,34),42(41,47(45,49))))
not found
Invalid Operation
30(14(8(4(2(0,),6),10(,12)),21(19(16,),22)),38(33(32,34),42(41,47(45,49))))
Invalid Operation
30(14(8(4(2(0,),6),10(,12)),21(19(16,),22)),38(33(32,34),42(41,47(45,49))))
Invalid Operation
30(14(8(4(2(0,),6),10(,12)),21(19(16,),22)),38(33(32,34),42(41,47(45,49))))
30(14(8(2(0,4),10(,12)),21(19(16,),22)),38(33(32,34),42(41,47(45,49))))
found
Invalid Operation
30(14(8(2(0,4),10(,12)),21(19(16,),22)),38(33(32,34),42(41,47(45,49))))
Invalid Operation
30(14(8(2(0,4),10(,12)),21(19(16,),22)),38(33(32,34),42(41,47(45,49))))
found
found
Invalid Operation
30(14(8(2(0,4),10(,12)),21(19(16,),22)),38(33(32,34),42(41,47(45,49))))
found
not found
30(14(8(2(0,4),10(,12)),21(19(16,),22)),38(33(32,34),45(42(41,43),47(,49))))
found
Invalid Operation
30(14(8(2(0,4),10(,12)),21(19(16,),22)),38(33(32,34),45(42(41,43),47(,49))))
not found
not found
Invalid Operation
30(14(8(2(0,4),10(,12)),21(19(16,),22)),38(33(32,34),45(42(41,43),47(,49))))
found
found
Invalid Operation
30(14(8(2(0,4),10(,12)),21(19(16,),22)),38(33(32,34),45(42(41,43),47(,49))))
not found
found
Invalid Operation
30(14(8(2(0,4),10(,12)),21(19(16,),22)),38(33(32,34),45(42(41,43),47(,49))))
found
30(14(8(2(0,),10(,12)),21(19(16,),22)),38(33(32,34),45(42(41,43),47(,49))))
Invalid Operation
30(14(8(2(0,),10(,12)),21(19(16,),22)),38(33(32,34),45(42(41,43),47(,49))))
Invalid Operation
30(14(8(2(0,),10(,12)),21(19(16,),22)),38(33(32,34),45(42(41,43),47(,49))))
Invalid Operation
30(14(8(2(0,),10(,12)),21(19(16,),22)),38(33(32,34),45(42(41,43),47(,49))))
Invalid Operation
30(14(8(2(0,),10(,12)),21(19(16,),22)),38(33(32,34),45(42(41,43),47(,49))))
not found
found
Invalid Operation
30(14(8(2(0,),10(,12)),21(19(16,),22)),38(33(32,34),45(42(41,43),47(,49))))
not found
found
30(14(8(2(0,),10(,12)),21(19,22)),38(33(32,34),45(42(41,43),47(,49))))
Invalid Operation
30(14(8(2(0,),10(,12)),21(19,22)),38(33(32,34),45(42(41,43),47(,49))))
30(14(8(2(0,),10(,12)),21(19,)),38(33(32,34),45(42(41,43),47(,49))))
not found
Invalid Operation
30(14(8(2(0,),10(,12)),21(19,)),38(33(32,34),45(42(41,43),47(,49))))
30(14(8(2(0,),10(,12)),21(19,)),38(33(32,34),45(42(,43),47(,49))))
30(8(2(0,6),14(10(,12),21(19,))),38(33(32,34),45(42(,43),47(,49))))
30(8(2(0,6),14(10(,12),19(18,21))),38(33(32,34),45(42(,43),47(,49))))
not found
30(14(8(2(0,6),10(,12)),19(18,21(20,))),38(33(32,34),45(42(,43),47(,49))))
found
30(10(8(2(0,6),9),14(12,19(18,21(20,)))),38(33(32,34),45(42(,43),47(,49))))
30(10(8(2(0,6),9),14(12,19(18,20))),38(33(32,34),45(42(,43),47(,49))))
found
not found
not found
19(10(8(2(0,6),9),14(12,18)),30(20(,28),38(33(32,34),45(42(,43),47(,49)))))
19(10(8(2(0,6),9),14(12,18)),38(30(20(,28),33(32,34)),45(43,47(,49))))
Invalid Operation
19(10(8(2(0,6),9),14(12,18)),38(30(20(,28),33(32,34)),45(43,47(,49))))
found
19(10(8(2(0,6),9),14(12,18)),38(30(27(20,28),33(32,34)),45(43,47(,49))))
19(10(2(0,8(6,)),14(12,18)),38(30(27(20,28),33(32,34)),45(43,47(,49))))
found
found
19(10(2(0,8(6,)),14(12,18)),30(27(20(,25),28),38(33(32,34),45(43,47(,49)))))
not found
19(10(2(0,8(6,)),14(12,18)),30(27(20(,25),28),38(33(32,34),47(43,49))))
Invalid Operation
19(10(2(0,8(6,)),14(12,18)),30(27(20(,25),28),38(33(32,34),47(43,49))))
not found
not found
19(10(2(0,8(6,)),14(12,18(17,))),30(27(20(,25),28),38(33(32,34),47(43,49))))
found
19(10(2(0,8(6,)),14(12,18(17,))),30(27(20(,25),28),38(33(32,34),47(43(42,),49))))
not found
19(10(2(0,8(6,)),14(12,18(17,))),33(30(27(20(,25),28),32),38(34(,37),47(43(42,),49))))
not found
not found
19(10(2(0,6(5,8)),14(12,18(17,))),33(30(27(20(,25),28),32),38(34(,37),47(43(42,),49))))
19(10(2(0,6(5,8)),14(12,18(17,))),33(30(27(20(,25),28),32),47(38(34(,37),43(42,)),49(48,))))
not found
Invalid Operation
19(10(2(0,6(5,8)),14(12,18(17,))),33(30(27(20(,25),28),32),47(38(34(,37),43(42,)),49(48,))))
19(10(2(0,6(5,8)),14(12,18(17,))),33(30(27(20(,25),28),32(31,)),47(38(34(,37),43(42,)),49(48,))))
Invalid Operation
19(10(2(0,6(5,8)),14(12,18(17,))),33(30(27(20(,25),28),32(31,)),47(38(34(,37),43(42,)),49(48,))))
33(19(10(2(0,6(5,8)),14(12,18(17,))),30(27(20(,25),28),32(31,))),42(38(34(,37),41),47(43,49(48,))))
not found
33(10(2(0,6(5,8)),19(14(12,18(17,)),27(20(,25),31(28,32)))),42(38(34(,37),41),47(43,49(48,))))
Invalid Operation
33(10(2(0,6(5,8)),19(14(12,18(17,)),27(20(,25),31(28,32)))),42(38(34(,37),41),47(43,49(48,))))
33(10(2(0,6(5,8)),19(14(12,18(17,)),28(20(,25),31(,32)))),42(38(34(,37),41),47(43,49(48,))))
not found
Invalid Operation
33(10(2(0,6(5,8)),19(14(12,18(17,)),28(20(,25),31(,32)))),42(38(34(,37),41),47(43,49(48,))))
33(10(2(0,6(5,8)),19(14(12,18(17,)),28(25,31(,32)))),42(38(34(,37),41),47(43,49(48,))))
found
found
found
Invalid Operation
33(10(2(0,6(5,8)),19(14(12,18(17,)),28(25,31(,32)))),42(38(34(,37),41),47(43,49(48,))))
not found
33(10(2(0,6(5,8)),19(14(12,18(17,)),28(25,31(,32)))),42(38(34(,37),41(40,)),47(43,49(48,))))
found
33(10(2(0,6(5,8)),19(14(12,18(17,)),28(25,31(,32)))),38(34(,37),42(41(40,),47(43,49))))
19(10(2(0,6(5,8)),14(12(11,),18(17,))),33(28(25,31(,32)),38(34(,37),42(41(40,),47(43,49)))))
19(10(2(0,6(5,8)),14(12(11,),18(17,))),33(28(25(21,),31(,32)),38(34(,37),42(41(40,),47(43,49)))))
19(10(5(0,6(,8)),14(12(11,),18(17,))),33(28(25(21,),31(,32)),38(34(,37),42(41(40,),47(43,49)))))
found
33(19(10(5(0,6(,8)),14(12(11,),18(17,))),28(25(21,),31(,32))),38(35(34,37),42(41(40,),47(43,49))))
found
found
19(10(5(0,6(,8)),14(12(11,),18(17,))),33(28(25(21,),31(,32)),38(37(34,),42(41(40,),47(43,49)))))
19(10(5(0(,4),6(,8)),14(12(11,),18(17,))),33(28(25(21,),31(,32)),38(37(34,),42(41(40,),47(43,49)))))
Invalid Operation
19(10(5(0(,4),6(,8)),14(12(11,),18(17,))),33(28(25(21,),31(,32)),38(37(34,),42(41(40,),47(43,49)))))
19(11(5(0(,4),6(,8)),14(12,18(17,))),33(28(25(21,),31(,32)),38(37(34,),42(41(40,),47(43,49)))))
found
19(11(5(0(,4),6(,8)),14(12,18(17,))),33(28(25(21,),31(,32)),38(37(34,),42(41(40,),47(43,)))))
found
19(11(5(0(,4),6),14(12,18(17,))),33(28(25(21,),31(,32)),38(37(34,),42(41(40,),47(43,)))))
Invalid Operation
19(11(5(0(,4),6),14(12,18(17,))),33(28(25(21,),31(,32)),38(37(34,),42(41(40,),47(43,)))))
found
not found
28(19(11(5(0(,4),6),14(12,18(17,))),24(21,25)),33(31(,32),38(37(34,),42(41(40,),47(43,)))))
found
28(14(11(5(0(,4),6),12(,13)),19(18(17,),24(21,25))),33(31(,32),38(37(34,),42(41(40,),47(43,)))))
not found
28(14(11(5(0(,4),6),12(,13)),19(17(15,18),24(21,25))),33(31(,32),38(37(34,),42(41(40,),47(43,)))))
14(11(5(0(,4),6),12(,13)),28(19(17(15,18),24(21,25)),38(33(31(,32),37(34,)),42(40,47(43,)))))
found
not found
Invalid Operation
14(11(5(0(,4),6),12(,13)),28(19(17(15,18),24(21,25)),38(33(31(,32),37(34,)),42(40,47(43,)))))
Invalid Operation
14(11(5(0(,4),6),12(,13)),28(19(17(15,18),24(21,25)),38(33(31(,32),37(34,)),42(40,47(43,)))))
28(14(5(0(,4),11(6,12)),19(17(15,18),24(21,25))),38(33(31(,32),37(34,)),42(40,47(43,))))
28(19(14(5(0(,4),11(6,12)),17(15,18)),24(21(,23),25)),38(33(31(,32),37(34,)),42(40,47(43,))))
19(11(5(0(,4),6(,10)),14(12,17(15,18))),28(24(21(,23),25),38(33(31(,32),37(34,)),42(40,47(43,)))))
19(11(5(1(0,4),6(,10)),14(12,17(15,18))),28(24(21(,23),25),38(33(31(,32),37(34,)),42(40,47(43,)))))
not found
not found
found
19(11(5(1(0,4),6(,10)),14(12,17(15,18))),38(28(24(21(,23),25),33(31(,32),37(34,))),42(40(,41),47(43,))))
found
Invalid Operation
19(11(5(1(0,4),6(,10)),14(12,17(15,18))),38(28(24(21(,23),25),33(31(,32),37(34,))),42(40(,41),47(43,))))
found
found
found
not found
found
19(11(5(1(0,4),6(,10)),14(12,17(15,18))),38(28(24(21(,23),25(,27)),33(31(,32),37(34,))),42(40(,41),47(43,))))
found
19(11(5(1(0,4),6(,10)),14(12,17(15,18))),33(28(24(21(,23),25(,27)),31(,32)),38(36(34,37),42(40(,41),47(43,)))))
found
found
found
not found
not found
19(11(5(1(0,4),6(,10)),14(12,17(15,18))),34(28(24(21(,23),25(,27)),31(,32)),42(38(36(,37),40(,41)),47(43,))))
Invalid Operation
19(11(5(1(0,4),6(,10)),14(12,17(15,18))),34(28(24(21(,23),25(,27)),31(,32)),42(38(36(,37),40(,41)),47(43,))))
found
found
not found
19(11(5(1(0,4),6(,10)),14(12,17(15,))),34(28(24(21(,23),25(,27)),31(,32)),42(38(36(,37),40(,41)),47(43,))))
19(11(5(1(0,4),6(,10)),14(12,17(15,))),34(28(24(21(,23),25),31(,32)),42(38(36(,37),40(,41)),47(43,))))
19(11(5(1(0,4),10),14(12,17(15,))),34(28(24(21(,23),25),31(,32)),42(38(36(,37),40(,41)),47(43,))))
28(19(11(5(1(0,4),10),14(12,17(15,))),24(21(,23),25)),34(31(29,32),42(38(36(,37),40(,41)),47(43,))))
28(19(11(5(1(0,4),10),14(12,17(15,))),24(22(21,23),25)),34(31(29,32),42(38(36(,37),40(,41)),47(43,))))
28(19(11(5(1(0,4),10),14(12,17(15,))),24(22(21,23),25)),34(31(29,32),42(38(36,40(,41)),47(43,))))
19(11(5(1(0,4),10),14(12,16(15,17))),28(24(22(21,23),25),34(31(29,32),42(38(36,40(,41)),47(43,)))))
found
19(11(5(1(0,4),10(7,)),14(12,16(15,17))),28(24(22(21,23),25),34(31(29,32),42(38(36,40(,41)),47(43,)))))
19(11(5(1(0,4),10(7,)),14(12(,13),16(15,17))),28(24(22(21,23),25),34(31(29,32),42(38(36,40(,41)),47(43,)))))
Invalid Operation
19(11(5(1(0,4),10(7,)),14(12(,13),16(15,17))),28(24(22(21,23),25),34(31(29,32),42(38(36,40(,41)),47(43,)))))
found
Invalid Operation
19(11(5(1(0,4),10(7,)),14(12(,13),16(15,17))),28(24(22(21,23),25),34(31(29,32),42(38(36,40(,41)),47(43,)))))
Invalid Operation
19(11(5(1(0,4),10(7,)),14(12(,13),16(15,17))),28(24(22(21,23),25),34(31(29,32),42(38(36,40(,41)),47(43,)))))
14(11(5(1(0,4),10(7,)),12(,13)),19(16(15,17),34(28(24(22(,23),25),31(29,32)),42(38(36,40(,41)),47(43,)))))
Invalid Operation
14(11(5(1(0,4),10(7,)),12(,13)),19(16(15,17),34(28(24(22(,23),25),31(29,32)),42(38(36,40(,41)),47(43,)))))
14(11(5(1(0,4),10(7,)),12(,13)),34(19(17(15,),28(24(22(,23),25),31(29,32))),42(38(36,40(,41)),47(43,))))
14(11(5(1(0,4),10(7,)),12(,13)),28(19(17(15,),24(22(,23),25)),34(31(29,32),42(40(36,41),47(43,)))))
found
not found
Invalid Operation
14(11(5(1(0,4),10(7,)),12(,13)),28(19(17(15,),24(22(,23),25)),34(31(29,32),42(40(36,41),47(43,)))))
Invalid Operation
14(11(5(1(0,4),10(7,)),12(,13)),28(19(17(15,),24(22(,23),25)),34(31(29,32),42(40(36,41),47(43,)))))
not found
14(11(5(1(0,4),10(7,)),12(,13)),28(19(17(15,),24(22(,23),25)),34(31(29,32),42(40(36(,37),41),47(43,)))))
found
found
Invalid Operation
14(11(5(1(0,4),10(7,)),12(,13)),28(19(17(15,),24(22(,23),25)),34(31(29,32),42(40(36(,37),41),47(43,)))))
19(14(11(5(1(0,4),10(7,)),12(,13)),17(15,18)),28(24(22(,23),25),34(31(29,32),42(40(36(,37),41),47(43,)))))
Invalid Operation
19(14(11(5(1(0,4),10(7,)),12(,13)),17(15,18)),28(24(22(,23),25),34(31(29,32),42(40(36(,37),41),47(43,)))))
not found
found
19(14(11(5(1(0,4),7),12(,13)),17(15,18)),28(24(22(,23),25),34(31(29,32),42(40(36(,37),41),47(43,)))))
28(19(14(5(1(0,4),12(7,13)),17(15,18)),24(22(,23),25)),34(31(29,32),42(40(36(,37),41),47(43,))))
found
28(14(5(1(0,4(2,)),12(7,13)),19(17(15,18),24(22(,23),25))),34(31(29,32),42(40(36(,37),41),47(43,))))
Invalid Operation
28(14(5(1(0,4(2,)),12(7,13)),19(17(15,18),24(22(,23),25))),34(31(29,32),42(40(36(,37),41),47(43,))))
28(14(5(1(0,4(2,)),12(7,13)),19(17(15,18),24(22(,23),25))),34(31(29,32),42(40(37,41),47(43,))))
found
28(14(5(1(0,4(2,)),12(7,13)),19(17(15,18),24(22(,23),25))),34(31(29,32),42(40(37(,38),41),47(43,))))
Invalid Operation
28(14(5(1(0,4(2,)),12(7,13)),19(17(15,18),24(22(,23),25))),34(31(29,32),42(40(37(,38),41),47(43,))))
28(14(5(1(0,4(2,)),12(7,13)),19(17(15,18),24(22(,23),25))),34(31(29,32),40(38(37,39),42(41,47(43,)))))
28(14(5(1(0,4(2,)),13(7,)),19(17(15,18),24(22(,23),25))),34(31(29,32),40(38(37,39),42(41,47(43,)))))
found
found
34(28(14(5(1(0,4(2,)),13(7,)),19(17(15,18),24(22(,23),25))),31(29,32)),42(40(38(37,39),41),46(43,47)))
not found
found
found
28(14(5(1(0,4(2,)),13(7,)),19(17(15,18),24(22(,23),25))),34(31(29,32),42(40(38(37,39),41),46(,47))))
found
found
28(14(5(1(0,4(2,)),8(7,13)),19(17(15,18),24(22(,23),25))),34(31(29,32),42(40(38(37,39),41),46(,47))))
not found
19(14(5(1(0,4(2,)),8(7,13)),17(15(,16),18)),28(24(22(,23),25),34(31(29,32),42(40(38(37,39),41),46(,47)))))
not found
found
found
Invalid Operation
19(14(5(1(0,4(2,)),8(7,13)),17(15(,16),18)),28(24(22(,23),25),34(31(29,32),42(40(38(37,39),41),46(,47)))))
found
19(14(5(1(0,4(2,)),8(7,13)),17(15(,16),18)),34(28(24(22(,23),25),31(29,32)),42(38(37,41(39,)),46(,47))))
19(14(5(1(0,4(2,)),8(7,13)),17(15(,16),18)),34(28(22(21,24(23,25)),31(29,32)),42(38(37,41(39,)),46(,47))))
found
not found
found
19(14(5(1(0,4(2,)),8(7,13)),17(15(,16),18)),34(28(22(21,24(23,25)),31(29,)),42(38(37,41(39,)),46(,47))))
Invalid Operation
19(14(5(1(0,4(2,)),8(7,13)),17(15(,16),18)),34(28(22(21,24(23,25)),31(29,)),42(38(37,41(39,)),46(,47))))
found
Invalid Operation
19(14(5(1(0,4(2,)),8(7,13)),17(15(,16),18)),34(28(22(21,24(23,25)),31(29,)),42(38(37,41(39,)),46(,47))))
not found
Invalid Operation
19(14(5(1(0,4(2,)),8(7,13)),17(15(,16),18)),34(28(22(21,24(23,25)),31(29,)),42(38(37,41(39,)),46(,47))))
19(14(5(1(0,4(2,)),8(7,13)),17(15(,16),18)),34(28(22(21,24(23,25)),31(29,)),42(38(37,41(39,)),47(46,49))))
found
19(14(5(1(0,4(2,)),13(7,)),17(15(,16),18)),34(28(22(21,24(23,25)),31(29,)),42(38(37,41(39,)),47(46,49))))
19(14(5(1(0,4(2,)),13(7,)),17(15(,16),18)),34(28(22(21,24(23,)),31(29,)),42(38(37,41(39,)),47(46,49))))
19(14(5(1(0,4(2,)),13(7,)),17(15(,16),18)),34(28(22(21,24(23,)),31(29,)),46(38(37,41(39,)),47(,49))))
19(5(1(0,4(2,)),14(13(7,),17(15,18))),34(28(22(21,24(23,)),31(29,)),46(38(37,41(39,)),47(,49))))
Invalid Operation
19(5(1(0,4(2,)),14(13(7,),17(15,18))),34(28(22(21,24(23,)),31(29,)),46(38(37,41(39,)),47(,49))))
19(5(1(0,4(2,)),14(7,17(15,18))),34(28(22(21,24(23,)),31(29,)),46(38(37,41(39,)),47(,49))))
not found
Invalid Operation
19(5(1(0,4(2,)),14(7,17(15,18))),34(28(22(21,24(23,)),31(29,)),46(38(37,41(39,)),47(,49))))
Invalid Operation
19(5(1(0,4(2,)),14(7,17(15,18))),34(28(22(21,24(23,)),31(29,)),46(38(37,41(39,)),47(,49))))
34(19(5(1(0,4(2,)),14(7,17(15,18))),28(22(21,24(23,)),31(29,))),46(41(38(37,39),44),47(,49)))
34(19(5(1(0,4(2,)),14(7(,9),17(15,18))),28(22(21,24(23,)),31(29,))),46(41(38(37,39),44),47(,49)))
34(19(5(1(0,4(2,)),14(7(,9),18(15,))),28(22(21,24(23,)),31(29,))),46(41(38(37,39),44),47(,49)))
found
Invalid Operation
34(19(5(1(0,4(2,)),14(7(,9),18(15,))),28(22(21,24(23,)),31(29,))),46(41(38(37,39),44),47(,49)))
Invalid Operation
34(19(5(1(0,4(2,)),14(7(,9),18(15,))),28(22(21,24(23,)),31(29,))),46(41(38(37,39),44),47(,49)))
found
found
Invalid Operation
34(19(5(1(0,4(2,)),14(7(,9),18(15,))),28(22(21,24(23,)),31(29,))),46(41(38(37,39),44),47(,49)))
not found
34(19(5(1(0,4(2,)),14(7(,9),18(15,))),28(24(22(21,23),26),31(29,))),46(41(38(37,39),44),47(,49)))
not found
34(19(5(1(0,4(2,)),14(7(,9),18(15,))),28(22(21,26(23,)),31(29,))),46(41(38(37,39),44),47(,49)))
found
34(19(5(1(0,4(2,)),14(7(,9),18(15,))),28(22(21,26(23,)),31(29,))),46(38(37(35,),41(39,44)),47(,49)))
34(19(5(1(0,4(2,)),14(7(,9),16(15,18))),28(22(21,26(23,)),31(29,))),46(38(37(35,),41(39,44)),47(,49)))
found
34(19(14(5(1(0,2),7(,9)),16(15,18)),28(22(21,26(23,)),31(29,))),46(38(37(35,),41(39,44)),47(,49)))
34(19(14(5(1(0,2),7(,9)),16(15,18)),28(22(21,26(23,)),31(29,))),46(38(37(35,),41(39,)),47(,49)))
Invalid Operation
34(19(14(5(1(0,2),7(,9)),16(15,18)),28(22(21,26(23,)),31(29,))),46(38(37(35,),41(39,)),47(,49)))
Invalid Operation
34(19(14(5(1(0,2),7(,9)),16(15,18)),28(22(21,26(23,)),31(29,))),46(38(37(35,),41(39,)),47(,49)))
Invalid Operation
34(19(14(5(1(0,2),7(,9)),16(15,18)),28(22(21,26(23,)),31(29,))),46(38(37(35,),41(39,)),47(,49)))
Invalid Operation
34(19(14(5(1(0,2),7(,9)),16(15,18)),28(22(21,26(23,)),31(29,))),46(38(37(35,),41(39,)),47(,49)))
34(19(14(5(1(0,2),7(,9)),16(15,18)),28(22(21,26(23,)),31(29,))),46(38(37(35,),39),47(,49)))
found
19(14(5(1(0,2),7(,9)),16(15,18)),34(28(22(21,26(23,)),31(29,)),46(38(35,39),47(,49))))
found
24(19(14(5(1(0,2),7(,9)),16(15,18)),22(21,23)),34(28(26,31(29,)),46(38(35,39),47(,49))))
24(14(5(1(,2),7(,9)),19(16(15,18),22(21,23))),34(28(26,31(29,)),46(38(35,39),47(,49))))
found
24(14(5(2,7(,9)),19(16(15,18),22(21,23))),34(28(26,31(29,)),46(38(35,39),47(,49))))
Invalid Operation
24(14(5(2,7(,9)),19(16(15,18),22(21,23))),34(28(26,31(29,)),46(38(35,39),47(,49))))
Invalid Operation
24(14(5(2,7(,9)),19(16(15,18),22(21,23))),34(28(26,31(29,)),46(38(35,39),47(,49))))
26(14(5(2,7(,9)),19(16(15,18),22(21,23))),34(29(28,31),46(38(35,39),47(,49))))
26(14(5(2,7(,9)),19(16(15,18),22(21,23))),34(29(28,31(30,)),46(38(35,39),47(,49))))
found
26(14(5(2,7(,9)),19(16(15,18),22(,23))),34(29(28,31(30,)),46(38(35,39),47(,49))))
not found
found
found
found
Invalid Operation
26(14(5(2,7(,9)),19(16(15,18),22(,23))),34(29(28,31(30,)),46(38(35,39),47(,49))))
not found
not found
26(14(5(2(0,),7(,9)),19(16(15,18),22(,23))),34(29(28,31(30,)),46(38(35,39),47(,49))))
found
found
26(9(5(2(0,),7),14(10,19(16(15,18),22(,23)))),34(29(28,31(30,)),46(38(35,39),47(,49))))
not found
26(9(5(2(0,),7),14(10,19(16(15,18),22(,23)))),34(30(28,31),46(38(35,39),47(,49))))
26(9(5(2(0,),7),14(10,19(16(15,18),22(,23)))),34(30(28,31(,33)),46(38(35,39),47(,49))))
not found
26(9(5(2(0,),7),14(10,19(16(15,18),22(,23)))),34(30(28,31(,33)),46(38(35,39),49)))
not found
found
9(5(2(0,),7(,8)),26(14(10,19(16(15,18),22(,23))),34(30(28,31(,33)),46(38(35,39),49))))
Invalid Operation
9(5(2(0,),7(,8)),26(14(10,19(16(15,18),22(,23))),34(30(28,31(,33)),46(38(35,39),49))))
not found
found
Invalid Operation
9(5(2(0,),7(,8)),26(14(10,19(16(15,18),22(,23))),34(30(28,31(,33)),46(38(35,39),49))))
Invalid Operation
9(5(2(0,),7(,8)),26(14(10,19(16(15,18),22(,23))),34(30(28,31(,33)),46(38(35,39),49))))
9(5(2(0,),7(6,8)),26(14(10,19(16(15,18),22(,23))),34(30(28,31(,33)),46(38(35,39),49))))
9(5(2(0,),7(6,8)),26(14(10(,13),19(16(15,18),22(,23))),34(30(28,31(,33)),46(38(35,39),49))))
14(9(5(2(0,),7(,8)),10(,13)),26(19(16(15,18),22(,23)),34(30(28,31(,33)),46(38(35,39),49))))
found
14(9(5(2(0,),7(,8)),10(,13)),26(19(16(15,18),22(,23)),34(31(28,33),46(38(35,39),49))))
14(9(5(0,7(,8)),10(,13)),26(19(16(15,18),22(,23)),34(31(28,33),46(38(35,39),49))))
14(9(5(0,7(,8)),10(,13)),34(26(19(16(15,18),22(,23)),31(28,33)),38(35(,37),46(39,49))))
not found
14(9(5(0,7(,8)),10(,13)),31(26(19(16(15,18),22(,23)),28(,29)),34(33,38(35(,37),46(39,49)))))
found
14(9(5(0,7(,8)),10(,13)),31(19(16(15,18),28(22(,23),29)),34(33,38(35(,37),46(39,49)))))
Invalid Operation
14(9(5(0,7(,8)),10(,13)),31(19(16(15,18),28(22(,23),29)),34(33,38(35(,37),46(39,49)))))
14(5(0(,3),9(7(,8),10(,13))),31(19(16(15,18),28(22(,23),29)),34(33,38(35(,37),46(39,49)))))
14(5(0(,3),9(7(,8),10(,13))),31(19(16(,18),28(22(,23),29)),34(33,38(35(,37),46(39,49)))))
19(14(5(0(,3),9(7(,8),10(,13))),16(15,18)),31(28(22(,23),29),34(33,38(35(,37),46(39,49)))))
Invalid Operation
19(14(5(0(,3),9(7(,8),10(,13))),16(15,18)),31(28(22(,23),29),34(33,38(35(,37),46(39,49)))))
found
19(14(5(0(,3),9(7(,8),10(,13))),16(15,18)),31(28(22(,23),29),38(34(33,35(,37)),46(39(,44),49))))
found
not found
found
Invalid Operation
19(14(5(0(,3),9(7(,8),10(,13))),16(15,18)),31(28(22(,23),29),38(34(33,35(,37)),46(39(,44),49))))
19(5(1(0,3),14(9(7(,8),10(,13)),16(15,18))),31(28(22(,23),29),38(34(33,35(,37)),46(39(,44),49))))
19(5(1(0,3),14(9(7(,8),10(,13)),16(15,18))),31(28(22(,23),29),38(34(33,35(,37)),44(39,46))))
not found
Invalid Operation
19(5(1(0,3),14(9(7(,8),10(,13)),16(15,18))),31(28(22(,23),29),38(34(33,35(,37)),44(39,46))))
19(5(1(0,3),14(9(7(,8),10(,13)),16(15,18))),31(22(21,28(23,29)),38(34(33,35(,37)),44(39,46))))
found
Invalid Operation
19(5(1(0,3),14(9(7(,8),10(,13)),16(15,18))),31(22(21,28(23,29)),38(34(33,35(,37)),44(39,46))))
23(19(5(1(0,3),14(9(7(,8),10(,13)),16(15,18))),22(21,)),31(28(25,29),38(34(33,35(,37)),44(39,46))))
found
Invalid Operation
23(19(5(1(0,3),14(9(7(,8),10(,13)),16(15,18))),22(21,)),31(28(25,29),38(34(33,35(,37)),44(39,46))))
19(5(1(0,3),14(9(7(,8),10(,13)),16(15,18))),23(22(21,),34(31(28(,29),33),38(35(,37),44(39,46)))))
19(5(1(0,3),14(9(7(,8),10(,13)),16(15,18))),34(23(22(21,),31(28(,29),33)),38(35(,37),46(39,))))
19(5(1(0,3),14(9(7(,8),10(,13)),16(15,18))),34(31(23(22(21,),28(,29)),33(32,)),38(35(,37),46(39,))))
19(14(5(1(0,3),9(8,10(,13))),16(15,18)),34(31(23(22(21,),28(,29)),33(32,)),38(35(,37),46(39,))))
19(14(5(1(0,),9(8,10(,13))),16(15,18)),34(31(23(22(21,),28(,29)),33(32,)),38(35(,37),46(39,))))
34(19(14(5(1(0,),9(8,10(,13))),16(15,18)),31(23(22(21,),28(,29)),33(32,))),38(36(35,37),46(39,)))
28(19(14(5(1(0,),9(8,10(,13))),16(15,18)),23(22(21,),26)),34(31(29,33(32,)),38(36(35,37),46(39,))))
not found
not found
not found
not found
19(14(5(1(0,),9(8,10(,13))),16(15,18)),28(23(22(21,),26),34(31(29,33(32,)),38(37(35,),46(39,)))))
found
found
19(5(1(0,3),14(9(8,10(,13)),16(15,18))),28(23(22(21,),26),34(31(29,33(32,)),38(37(35,),46(39,)))))
19(5(1(0,3),14(9(8,10(,13)),16(15,18))),28(23(22(21,),26(24,)),34(31(29,33(32,)),38(37(35,),46(39,)))))
found
found
found
28(19(5(1(0,3),14(9(8,10(,13)),16(15,18))),23(22(21,),26(24,))),34(31(29,33(32,)),38(37(35,),45(39,46))))
not found
Invalid Operation
28(19(5(1(0,3),14(9(8,10(,13)),16(15,18))),23(22(21,),26(24,))),34(31(29,33(32,)),38(37(35,),45(39,46))))
not found
19(9(5(1(0,3),8(6,)),14(10(,13),16(15,18))),28(23(22(21,),26(24,)),34(31(29,33(32,)),38(37(35,),45(39,46)))))
19(9(3(1(0,2),5(,8(6,))),14(10(,13),16(15,18))),28(23(22(21,),26(24,)),34(31(29,33(32,)),38(37(35,),45(39,46)))))
19(9(3(1(0,2),5(,8(6,))),14(10(,13),16(15,18))),28(23(22(21,),26(24,)),34(31(29,33(32,)),38(37(35,),45(,46)))))
not found
19(9(3(1(0,2),5(,8(6,))),14(10(,13),16(15,18))),28(23(22(21,),26(24,)),34(31(29,33(32,)),38(35,45(,46)))))
19(9(3(2(0,),5(,8(6,))),14(10(,13),16(15,18))),28(23(22(21,),26(24,)),34(31(29,33(32,)),38(35,45(,46)))))
not found
not found
found
not found
found
19(9(3(2(0,),5(,8(6,))),14(10(,13),16(15,18))),28(24(22(21,),26),34(31(29,33(32,)),38(35,45(,46)))))
19(9(3(2(0,),5(,8(6,))),14(10(,13),16(15,18))),28(24(22(21,),26),34(31(29,33(32,)),38(35,45))))
not found
found
Invalid Operation
19(9(3(2(0,),5(,8(6,))),14(10(,13),16(15,18))),28(24(22(21,),26),34(31(29,33(32,)),38(35,45))))
not found
19(9(3(2(0,),5(,8(6,))),14(10(,13),16(15,18))),31(28(24(21,26),29),34(33(32,),38(35,45))))
Invalid Operation
19(9(3(2(0,),5(,8(6,))),14(10(,13),16(15,18))),31(28(24(21,26),29),34(33(32,),38(35,45))))
Invalid Operation
19(9(3(2(0,),5(,8(6,))),14(10(,13),16(15,18))),31(28(24(21,26),29),34(33(32,),38(35,45))))
not found
Invalid Operation
19(9(3(2(0,),5(,8(6,))),14(10(,13),16(15,18))),31(28(24(21,26),29),34(33(32,),38(35,45))))
19(9(3(2(0,),5(,8(6,))),14(10(,13),16(15,18))),31(28(24(21,26),29),34(33(32,),38(35,45(42,)))))
found
not found
not found
Invalid Operation
19(9(3(2(0,),5(,8(6,))),14(10(,13),16(15,18))),31(28(24(21,26),29),34(33(32,),38(35,45(42,)))))
not found
found
Invalid Operation
19(9(3(2(0,),5(,8(6,))),14(10(,13),16(15,18))),31(28(24(21,26),29),34(33(32,),38(35,45(42,)))))
19(9(5(2(0,),8(6,)),14(10(,13),16(15,18))),31(28(24(21,26),29),34(33(32,),38(35,45(42,)))))
found
not found
found
Invalid Operation
19(9(5(2(0,),8(6,)),14(10(,13),16(15,18))),31(28(24(21,26),29),34(33(32,),38(35,45(42,)))))
not found
Invalid Operation
19(9(5(2(0,),8(6,)),14(10(,13),16(15,18))),31(28(24(21,26),29),34(33(32,),38(35,45(42,)))))
Invalid Operation
19(9(5(2(0,),8(6,)),14(10(,13),16(15,18))),31(28(24(21,26),29),34(33(32,),38(35,45(42,)))))
19(9(5(2(0,),8(6,)),16(14(10,15),18)),31(28(24(21,26),29),34(33(32,),38(35,45(42,)))))
19(9(5(2(0,),8(6,)),16(14(,15),18)),31(28(24(21,26),29),34(33(32,),38(35,45(42,)))))
Invalid Operation
19(9(5(2(0,),8(6,)),16(14(,15),18)),31(28(24(21,26),29),34(33(32,),38(35,45(42,)))))
Invalid Operation
19(9(5(2(0,),8(6,)),16(14(,15),18)),31(28(24(21,26),29),34(33(32,),38(35,45(42,)))))
found
Invalid Operation
19(9(5(2(0,),8(6,)),16(14(,15),18)),31(28(24(21,26),29),34(33(32,),38(35,45(42,)))))
found
found
Invalid Operation
19(9(5(2(0,),8(6,)),16(14(,15),18)),31(28(24(21,26),29),34(33(32,),38(35,45(42,)))))
not found
19(9(5(2(0,),8(6,)),16(14(,15),18)),34(31(28(24(21,26),29),33(32,)),45(38(35,42),48)))
not found
not found
not found
19(9(5(2(0,),8(6,)),16(14(,15),18)),34(31(28(26(21,),29),33(32,)),45(38(35,42),48)))
found
Invalid Operation
19(9(5(2(0,),8(6,)),16(14(,15),18)),34(31(28(26(21,),29),33(32,)),45(38(35,42),48)))
found
34(19(9(5(2(0,),8(6,)),16(14(,15),18)),31(28(26(21,),29),33(32,))),45(38(35,42),48(46,)))
Invalid Operation
34(19(9(5(2(0,),8(6,)),16(14(,15),18)),31(28(26(21,),29),33(32,))),45(38(35,42),48(46,)))
34(19(9(5(0,8(6,)),16(14(,15),18)),31(28(26(21,),29),33(32,))),45(38(35,42),48(46,)))
found
34(19(9(5(0,8(6,)),16(14(,15),18)),31(28(26,29),33(32,))),45(38(35,42),48(46,)))
not found
found
not found
Invalid Operation
34(19(9(5(0,8(6,)),16(14(,15),18)),31(28(26,29),33(32,))),45(38(35,42),48(46,)))
34(19(9(5(0,8(6,)),16(14(,15),18)),31(28(26,29),33(32,))),45(38(35(,37),42),48(46,)))
Invalid Operation
34(19(9(5(0,8(6,)),16(14(,15),18)),31(28(26,29),33(32,))),45(38(35(,37),42),48(46,)))
found
found
Invalid Operation
34(19(9(5(0,8(6,)),16(14(,15),18)),31(28(26,29),33(32,))),45(38(35(,37),42),48(46,)))
not found
Invalid Operation
34(19(9(5(0,8(6,)),16(14(,15),18)),31(28(26,29),33(32,))),45(38(35(,37),42),48(46,)))
Invalid Operation
34(19(9(5(0,8(6,)),16(14(,15),18)),31(28(26,29),33(32,))),45(38(35(,37),42),48(46,)))
19(9(5(0,8(6,)),16(14(,15),18)),34(31(28(26,29),33(32,)),45(38(35,42),48(46,))))
19(9(5(0,8(6,)),16(14,18)),34(31(28(26,29),33(32,)),45(38(35,42),48(46,))))
19(9(5(0,8(6,)),16(14,18)),34(31(29(26,),33(32,)),45(38(35,42),48(46,))))
19(5(0(,4),9(8(6,),16(14,18))),34(31(29(26,),33(32,)),45(38(35,42),48(46,))))
Invalid Operation
19(5(0(,4),9(8(6,),16(14,18))),34(31(29(26,),33(32,)),45(38(35,42),48(46,))))
not found
19(9(5(0(,4),8(6,)),16(14(10,),18)),34(31(29(26,),33(32,)),45(38(35,42),48(46,))))
found
found
not found
19(9(5(0(,4),8(6,)),16(14(10,),18)),34(31(29(26,),33(32,)),46(38(35,42),48)))
19(9(5(0(,4),8(6,)),16(14(10,),18)),35(31(29(26,),33(32,)),46(38(,42),48)))
19(9(5(0(,4),8(6,)),16(14(10,),18(17,))),35(31(29(26,),33(32,)),46(38(,42),48)))
found
not found
Invalid Operation
19(9(5(0(,4),8(6,)),16(14(10,),18(17,))),35(31(29(26,),33(32,)),46(38(,42),48)))
19(9(5(0(,4),8(6,)),16(14(10,),18(17,))),35(31(26(21,29),33(32,)),46(38(,42),48)))
19(9(5(0(,4),8(6,)),16(14(10,),18(17,))),35(31(26(21,29),33(32,)),46(42(38,44),48)))
Invalid Operation
19(9(5(0(,4),8(6,)),16(14(10,),18(17,))),35(31(26(21,29),33(32,)),46(42(38,44),48)))
found
35(19(9(5(0(,4),8(6,)),16(14(10,),17)),31(26(21,29),33(32,))),46(42(38,44),48))
not found
31(19(9(5(0(,4),8(6,)),16(14(10,),17)),26(21(,23),29)),35(33(32,),46(42(38,44),48)))
31(19(9(5(0(,4),8(6,)),16(14(10,),17)),26(23(21,24),29)),35(33(32,),46(42(38,44),48)))
Invalid Operation
31(19(9(5(0(,4),8(6,)),16(14(10,),17)),26(23(21,24),29)),35(33(32,),46(42(38,44),48)))
not found
found
19(9(5(3(0,4),8(6,)),16(14(10,),17)),31(26(23(21,24),29),35(33(32,),46(42(38,44),48))))
Invalid Operation
19(9(5(3(0,4),8(6,)),16(14(10,),17)),31(26(23(21,24),29),35(33(32,),46(42(38,44),48))))
Invalid Operation
19(9(5(3(0,4),8(6,)),16(14(10,),17)),31(26(23(21,24),29),35(33(32,),46(42(38,44),48))))
found
19(9(5(3(0,4),8(6,)),16(14(10,),17)),35(31(26(23(21,24),29),33(32,)),42(38(37,),46(44,48))))
19(9(5(3(0,4),8(6,)),16(14(10,),17)),31(23(21(20,),26(24,29)),35(33(32,),42(38(37,),46(44,48)))))
19(9(5(3(0,4),8(6,)),16(14(10,),17)),31(23(21(20,),29(24,)),35(33(32,),42(38(37,),46(44,48)))))
Invalid Operation
19(9(5(3(0,4),8(6,)),16(14(10,),17)),31(23(21(20,),29(24,)),35(33(32,),42(38(37,),46(44,48)))))
19(9(5(3(0,4),8(6,)),16(13(10,14),17)),31(23(21(20,),29(24,)),35(33(32,),42(38(37,),46(44,48)))))
19(9(5(3(0,4),8(6,)),16(13(10,14),17)),31(23(21(20,),28(24,29)),35(33(32,),42(38(37,),46(44,48)))))
19(9(5(3(0,4),8(6,)),16(13(10,),17)),31(23(21(20,),28(24,29)),35(33(32,),42(38(37,),46(44,48)))))
found
not found
31(19(9(5(3(0,4),8(6,)),16(13(10,),17)),23(21(20,),28(24,29))),37(35(33(32,),36),42(38,46(44,48))))
not found
19(5(3(0(,2),4),9(8(6,),16(13(10,),17))),31(23(21(20,),28(24,29)),37(35(33(32,),36),42(38,46(44,48)))))
Invalid Operation
19(5(3(0(,2),4),9(8(6,),16(13(10,),17))),31(23(21(20,),28(24,29)),37(35(33(32,),36),42(38,46(44,48)))))
Invalid Operation
19(5(3(0(,2),4),9(8(6,),16(13(10,),17))),31(23(21(20,),28(24,29)),37(35(33(32,),36),42(38,46(44,48)))))
Invalid Operation
19(5(3(0(,2),4),9(8(6,),16(13(10,),17))),31(23(21(20,),28(24,29)),37(35(33(32,),36),42(38,46(44,48)))))
Invalid Operation
19(5(3(0(,2),4),9(8(6,),16(13(10,),17))),31(23(21(20,),28(24,29)),37(35(33(32,),36),42(38,46(44,48)))))
19(5(3(0(,2),4),9(8(6,),16(13(10,),17))),31(23(21(20,),28(24,29)),37(33(32,35),42(38,46(44,48)))))
found
found
not found
found
not found
Invalid Operation
19(5(3(0(,2),4),9(8(6,),16(13(10,),17))),31(23(21(20,),28(24,29)),37(33(32,35),42(38,46(44,48)))))
19(5(3(0(,2),4),9(8(6,),16(13(10,),17))),31(23(21(20,),28(24,29)),37(33(32,35),46(42(38,44),48(47,)))))
31(19(9(5(2(0,4),8(6,)),16(13(10,),17)),23(21(20,),28(24,29))),37(33(32,35),46(42(38,44),48(47,))))
31(19(9(5(2(0,4),8(6,)),16(13(10,),17)),23(21(20,),28(24,29))),37(33(,35),46(42(38,44),48(47,))))
19(9(5(2(0,4),8(6,)),15(13(10,),16(,17))),31(23(21(20,),28(24,29)),37(33(,35),46(42(38,44),48(47,)))))
found
not found
Invalid Operation
19(9(5(2(0,4),8(6,)),15(13(10,),16(,17))),31(23(21(20,),28(24,29)),37(33(,35),46(42(38,44),48(47,)))))
not found
19(9(5(2(0,4),8(6,)),15(13(10,),16(,17))),31(23(21(20,),28(24,29)),37(34(33,35),46(42(38,44),48(47,)))))
found
Invalid Operation
19(9(5(2(0,4),8(6,)),15(13(10,),16(,17))),31(23(21(20,),28(24,29)),37(34(33,35),46(42(38,44),48(47,)))))
found
not found
Invalid Operation
19(9(5(2(0,4),8(6,)),15(13(10,),16(,17))),31(23(21(20,),28(24,29)),37(34(33,35),46(42(38,44),48(47,)))))
found
not found
31(19(9(5(2(0,4),8(6,)),15(13(10,),16)),23(21(20,),28(24,29))),37(34(33,35),46(42(38,44),48(47,))))
Invalid Operation
31(19(9(5(2(0,4),8(6,)),15(13(10,),16)),23(21(20,),28(24,29))),37(34(33,35),46(42(38,44),48(47,))))
31(19(9(5(2(0,4),8(6,)),15(12(10,13),16)),23(21(20,),28(24,29))),37(34(33,35),46(42(38,44),48(47,))))
not found
Invalid Operation
31(19(9(5(2(0,4),8(6,)),15(12(10,13),16)),23(21(20,),28(24,29))),37(34(33,35),46(42(38,44),48(47,))))
Invalid Operation
31(19(9(5(2(0,4),8(6,)),15(12(10,13),16)),23(21(20,),28(24,29))),37(34(33,35),46(42(38,44),48(47,))))
31(9(5(2(0,4(3,)),8(6,)),19(15(12(10,13),16),23(21(20,),28(24,29)))),37(34(33,35),46(42(38,44),48(47,))))
31(9(5(2(0,4(3,)),8(6,)),19(12(10,16(13,)),23(21(20,),28(24,29)))),37(34(33,35),46(42(38,44),48(47,))))
not found
19(9(5(2(0,4(3,)),8(6,)),12(10,16(13,))),31(23(21(20,),28(24,29)),42(37(34(33,35),38(,40)),46(44,48(47,)))))
19(5(2(0,4(3,)),9(8(6,),13(10,16))),31(23(21(20,),28(24,29)),42(37(34(33,35),38(,40)),46(44,48(47,)))))
not found
19(5(2(0,4(3,)),9(8(6,),13(10,16))),31(23(21(20,),28(,29)),42(37(34(33,35),38(,40)),46(44,48(47,)))))
found
Invalid Operation
19(5(2(0,4(3,)),9(8(6,),13(10,16))),31(23(21(20,),28(,29)),42(37(34(33,35),38(,40)),46(44,48(47,)))))
found
found
19(5(2(0,4(3,)),9(8(6,),13(10,16(,17)))),31(23(21(20,),28(,29)),42(37(34(33,35),38(,40)),46(44,48(47,)))))
found
19(5(2(0,4(3,)),10(9(8(6,),),13(11,16(,17)))),31(23(21(20,),28(,29)),42(37(34(33,35),38(,40)),46(44,48(47,)))))
Invalid Operation
19(5(2(0,4(3,)),10(9(8(6,),),13(11,16(,17)))),31(23(21(20,),28(,29)),42(37(34(33,35),38(,40)),46(44,48(47,)))))
found
19(5(2(0,4(3,)),10(9(8(6,),),13(11,16(,17)))),31(23(21(20,),29),42(37(34(33,35),38(,40)),46(44,48(47,)))))
not found
20(5(2(0,4(3,)),10(9(8(6,),),13(11,16(,17)))),42(31(23(21,29),37(34(33,35),38(,40))),46(44,48(47,))))
Invalid Operation
20(5(2(0,4(3,)),10(9(8(6,),),13(11,16(,17)))),42(31(23(21,29),37(34(33,35),38(,40))),46(44,48(47,))))
20(5(2(0,4(3,)),10(9(8(6,),),13(11,16(,17)))),31(23(21,29(26,)),42(37(34(33,35),38(,40)),46(44,48(47,)))))
not found
found
Invalid Operation
20(5(2(0,4(3,)),10(9(8(6,),),13(11,16(,17)))),31(23(21,29(26,)),42(37(34(33,35),38(,40)),46(44,48(47,)))))
20(5(2(0,4(3,)),10(9(8(6,),),13(11,16(,17)))),37(31(23(21,29(26,)),34(33(32,),35)),42(38(,40),46(44,48(47,)))))
20(5(2(0,4(3,)),10(9(8(6,),),13(11,16(,17)))),37(31(23(21,29(26,)),34(33,35)),42(38(,40),46(44,48(47,)))))
not found
Invalid Operation
20(5(2(0,4(3,)),10(9(8(6,),),13(11,16(,17)))),37(31(23(21,29(26,)),34(33,35)),42(38(,40),46(44,48(47,)))))
20(5(2(0,4(3,)),10(9(8(6,),),13(11,17))),37(31(23(21,29(26,)),34(33,35)),42(38(,40),46(44,48(47,)))))
20(5(2(0,4(3,)),10(9(8(6,),),13(11,17))),38(31(23(21,29(26,)),34(33,35)),46(42(40,44),48(47,))))
20(5(2(0,4(3,)),10(9(8(6,),),13(11,17))),38(27(23(21,26),31(29,34(33,35))),46(42(40,44),48(47,))))
27(20(9(5(2(0,3),8(6,)),10(,13(11,17))),23(21,26)),38(31(29,34(33,35)),46(42(40,44),48(47,))))
not found
27(9(5(2(0,3),6),20(10(,13(11,17)),23(21,26))),38(31(29,34(33,35)),46(42(40,44),48(47,))))
27(9(5(2(0,3),6),20(10(,13(11,17)),26(21,))),38(31(29,34(33,35)),46(42(40,44),48(47,))))
Invalid Operation
27(9(5(2(0,3),6),20(10(,13(11,17)),26(21,))),38(31(29,34(33,35)),46(42(40,44),48(47,))))
not found
not found
Invalid Operation
27(9(5(2(0,3),6),20(10(,13(11,17)),26(21,))),38(31(29,34(33,35)),46(42(40,44),48(47,))))
not found
27(9(5(2(0,3),6),20(10(,13(11,17)),26(21,))),40(31(29,34(33,35)),46(42(,44),48(47,))))
not found
Invalid Operation
27(9(5(2(0,3),6),20(10(,13(11,17)),26(21,))),40(31(29,34(33,35)),46(42(,44),48(47,))))
Invalid Operation
27(9(5(2(0,3),6),20(10(,13(11,17)),26(21,))),40(31(29,34(33,35)),46(42(,44),48(47,))))
9(3(2(0,),5(4,6)),27(20(10(,13(11,17)),26(21,)),40(31(29,34(33,35)),46(42(,44),48(47,)))))
found
27(9(3(2(0,),5(4,6)),20(10(,13(11,17)),26(21,))),40(31(29,34(33,35)),46(43(42,44),48(47,))))
27(20(9(3(2(0,),5(4,6)),10(,13(11,17))),22(21,26)),40(31(29,34(33,35)),46(43(42,44),48(47,))))
27(20(9(3(2(0,),5(4,6)),10(,13(11,17))),22(21,26)),40(31(29(,30),34(33,35)),46(43(42,44),48(47,))))
27(9(3(2(0,),5(4,6(,7))),20(10(,13(11,17)),22(21,26))),40(31(29(,30),34(33,35)),46(43(42,44),48(47,))))
27(9(3(2(0,),5(4,6(,7))),20(10(,13(11,17)),26(21,))),40(31(29(,30),34(33,35)),46(43(42,44),48(47,))))
27(9(3(2(0,),5(4,6(,7))),20(10(,13(11,17)),26(21,))),40(31(29(,30),34(,35)),46(43(42,44),48(47,))))
not found
found
found
not found
0 2 3 4 5 6 7 9 10 11 13 17 20 21 26 27 29 30 31 34 35 40 42 43 44 46 47 48 
